npoints=18, a=(-0.023716,-3.289779,-423.566858), b=(0.051315,0.764802,-0.642218)
npoints=3, a=(-0.185998,22.799395,-421.503444), b=(-0.036604,0.346477,-0.937344)
