npoints=26, a=(17.692308,102.615385,140.423077), b=(0.093319,-0.994814,0.040447)
npoints=16, a=(17.937500,104.687500,139.250000), b=(0.254123,-0.097288,-0.962266)
